# Unit: degrees
15.000000
15.000000
15.000000
15.000000
21.000000
41.000000
74.000000
90.000000
90.000000
90.000000
90.000000
15.000000
15.000000
15.000000
15.000000
15.000000
15.000000
15.000000
15.000000
21.000000
41.000000
74.000000
90.000000
90.000000
90.000000
90.000000
15.000000
15.000000
15.000000
15.000000
15.000000
15.000000
15.000000
15.000000
21.000000
41.000000
74.000000
90.000000
90.000000
90.000000
90.000000
15.000000
15.000000
15.000000
15.000000
15.000000
15.000000
15.000000
15.000000
21.000000